3896
362
8131
3548
6743
4016
6477
7349
6962
8592
6957
1998
7782
9467
8629
4571
5500
9211
5187
2733
3343
8703
7135
7335
2714
1394
2894
9981
9808
3554
9207
8122
1052
2863
7468
5437
408
2917
7753
8910
3589
878
8606
4921
3114
2904
2514
7113
5990
1786
9044
300
1048
5878
7120
4345
6767
4910
9728
5494
3089
8896
5928
7288
5718
8982
9787
827
8274
2140
5445
4708
3225
503
9523
2583
185
3642
5883
8876
6928
7365
2529
5977
3715
2219
2236
1520
256
4382
900
784
5516
8611
4274
3298
4159
7988
6008
6403
455
1622
4089
5268
5691
8807
7228
8832
5305
8001
3394
3171
555
7246
498
219
1330
5754
8977
9251
9198
2614
4937
1903
1411
67
6456
9656
7060
8147
6326
2613
322
3732
343
6965
4728
2643
2171
6537
7311
6787
1548
4982
8183
7325
524
3353
788
6703
7496
2187
2986
3406
5523
2017
6987
598
2054
876
6646
2056
3799
5179
7218
2284
4226
7155
8700
8217
2833
6975
3644
2161
5554
2590
5254
58
2572
7042
502
424
3656
7165
7760
3144
7227
4286
1752
6743
3946
599
7952
9340
4187
7915
9374
8243
7033
7588
1204
5399
2965
6909
3136
8865
5453
299
6106
3794
7820
9357
5540
6628
7296
2174
8910
9094
6891
5659
9915
186
6671
5409
9386
6512
8330
1067
3027
9703
7070
9562
2286
4684
6670
8789
3114
3491
9789
6409
5237
823
8965
8463
1206
4489
1746
8628
1317
6640
3285
2176
6608
2521
9075
278
9034
5088
7569
7615
8795
6502
4859
3081
1077
9145
1204
6184
4744
1428
393
5754
35
7456
7048
6136
9132
3128
5718
6127
7529
3821
4856
8939
3954
5588
90
6760
896
3297
2216
2177
5046
3779
9024
806
3483
6263
1533
8982
3859
8210
1864
4883
633
1755
1699
9055
1938
9409
5135
4059
9877
1899
1926
9993
9351
3568
7851
857
8116
6167
6417
122
1779
7260
1816
4654
187
8403
2077
1467
9182
7342
6529
1556
3340
5091
597
7559
6005
4283
8777
7265
192
7107
3580
1717
2046
4242
5496
1362
4759
7782
5679
4297
3206
1082
3056
6749
7804
3568
864
1941
6459
2659
8931
211
9165
5871
451
8814
3033
9398
4249
8837
5074
9077
6761
2391
4027
3673
3208
4605
1652
9975
4877
9566
3965
4924
3699
4702
3621
3614
1398
2154
3609
8487
3467
6230
9656
1585
2707
9642
6719
7
6707
2893
9710
6191
1647
6407
4728
7080
3586
1942
5726
2245
6615
8715
8534
209
8160
2692
2063
1657
8247
2286
6639
5053
1563
6216
4222
8067
7371
3213
3048
8580
3464
2050
1768
7809
4522
4298
4529
7348
5294
646
8794
6481
997
2331
9265
9492
7473
336
2335
1161
4947
1621
8884
3352
4153
1622
4715
3306
8152
9827
8836
9726
3203
9655
4040
2692
6857
2301
6111
3834
6709
8448
3987
6390
3699
2899
3664
7383
2217
2090
8941
3822
3068
1500
2562
2373
9510
2918
6151
9921
4849
5208
9690
781
4514
9209
9034
3266
8469
7862
8885
9281
7206
59
9328
5967
8585
1317
6898
810
4045
977
6502
9906
9100
787
5154
1833
9782
4490
8055
4740
375
1592
9882
272
6201
1095
7970
7628
9282
4703
4517
8911
9140
8783
3715
6681
9802
9285
4376
6830
9913
659
6859
3658
9638
2955
2745
2284
10
7812
4729
3913
335
4030
5259
5696
9423
3069
3165
7721
3317
1256
5248
2820
4975
8940
1905
1425
5807
4670
5883
6242
7230
8689
9877
1768
6123
4850
3933
3515
4944
8829
4809
3072
3535
6298
7494
4083
1486
3179
7683
8150
6079
5766
1326
6085
7813
3701
1399
2167
8099
5093
9838
2749
3012
4645
8165
5974
4959
7891
7648
3913
9000
5670
4004
5403
9233
8593
6393
9153
7947
5076
8880
4334
2895
3137
3161
285
7598
9325
1586
8770
2234
4740
5088
8245
4811
1955
9589
1404
4558
8036
4114
4103
6367
2772
9454
1903
5557
6328
9121
6065
3208
5942
395
7751
4540
2020
7801
8778
91
5199
9287
766
8814
7058
7166
6434
4883
2383
9859
6047
1681
3361
7873
4943
539
1397
8356
6068
3651
5359
3831
4458
5159
1118
5309
3276
5409
1603
1740
9867
4466
1856
2330
9521
3516
9757
7631
5816
2042
5655
9366
8730
2970
7022
4268
200
5492
3241
7448
9645
2123
6605
5031
4644
8331
6363
2478
9458
1638
9707
4676
4823
312
9069
153
9444
3715
5107
4624
7339
4329
38
3629
2314
9975
179
663
5203
80
4754
1684
7604
613
3059
7756
118
4396
9032
7320
1898
946
4193
4271
479
3979
1928
9782
9897
6843
3285
4689
2751
4058
7419
9202
2265
8230
9426
4060
7800
5890
1477
636
645
763
4939
2646
9639
1121
8976
3422
9598
716
7353
1998
1218
1892
450
4077
1593
5474
7738
8264
2211
6005
9462
1983
7800
2522
1349
601
6543
9523
4836
7385
2170
7977
9949
9836
1493
9937
9271
5691
2826
9286
5163
1727
1299
8110
3309
7556
3577
8687
6803
8952
293
4252
6127
8593
7072
3553
4061
4713
8415
5090
8165
5477
5807
5201
4740
736
8696
1908
3037
9593
8978
438
4858
9792
8391
6457
7808
9719
1494
1161
1509
4427
6124
4418
5655
6335
1911
4361
5810
2100
983
3731
3157
3351
774
526
3242
5108
723
8480
89
9823
2552
1653
7741
2093
7034
1941
8988
9397
7864
3422
8882
7857
3840
8533
3921
6495
1882
6928
2425
9159
5229
5672
3864
619
4725
7190
5200
7414
2090
1539
3145
1150
7565
2735
8409
6519
1589
5755
1641
7938
9322
2514
7762
4469
5318
1807
3843
3169
7638
884
9910
4
4517
406
5854
7219
7952
8496
3753
5923
2586
1040
4421
4625
4553
1213
8809
9206
2958
6795
2833
7946
7701
539
5524
7236
7352
3961
6587
502
5804
740
1598
7458
1170
2680
4353
6805
9744
6458
2544
7098
8245
7754
3730
1499
4254
9464
1287
993
3219
2124
229
9955
4957
1034
1844
1664
6962
546
7162
9075
1617
279
9707
6469
8346
3146
2941
3298
2176
9087
3333
1823
7522
8839
2235
117
6639
3114
4714
1625
1742
1170
4081
1838
8972
921
1627
4841
4989
1030
4311
4537
499
9779
3871
1935
5525
7283
4587
9330
910
6755
2712
2639
4085
3583
1052
6012
8573
8150
1817
5357
6371
4014
2205
5959
3724
2952
2805
4135
3942
6266
5572
9425
5806
2768
6375
848
711
2938
1160
1661
8328
3361
4189
8399
8951
7011
2144
877
8791
9683
9065
3229
1173
951
3667
3569
6753
6783
6554
8464
2315
217
8693
6487
3485
1894
3162
5344
7652
7135
8970
406
4648
9238
8049
4535
3838
8986
5664
1645
3167
6571
6976
6592
6614
7809
988
1252
3386
1852
3169
3039
701
3177
1586
7044
5596
4207
6403
2417
4066
5553
9479
7237
3945
6554
5526
21
9565
1469
1180
1751
1951
4222
5204
1876
2287
8188
9567
1572
9237
4792
6081
9574
6855
4313
9921
3655
2489
1478
3859
9074
8359
8620
8935
5725
8395
8973
2484
5267
1930
8306
2224
5782
6396
1831
2781
7988
3252
1089
6394
4723
2013
8478
6184
533
4271
4110
5041
4027
1752
5558
6754
9900
3248
2266
6206
2137
4944
1781
1529
5212
4560
7297
7603
5412
5619
6059
1433
1646
6698
447
4857
2766
4242
3418
1992
4276
4916
3578
8987
1993
6091
5411
2086
1478
2066
5676
7611
7758
7447
7847
5938
3225
1236
4789
5533
1688
299
1318
6090
675
5088
7134
3176
7398
5798
7456
4932
5367
1874
2764
8878
3576
3217
5776
8985
4759
2905
3095
2768
2865
5388
894
8391
9072
1235
3394
5421
6707
3690
1116
7150
5809
5920
861
5007
3199
2310
2221
8545
3104
1297
8303
4284
4388
8312
7372
9581
9183
7002
3651
9038
2509
5446
8703
623
9005
2475
6916
788
8580
8382
6228
7843
2370
569
4088
5218
7412
1479
4821
4053
4816
2328
2073
6927
1908
7809
1554
8730
2443
841
9731
8012
5872
2752
7386
5436
3657
5441
966
7255
9740
1859
1350
4177
7025
1631
3942
7957
6152
3665
6540
2501
2124
6457
6711
7269
5194
6247
6180
9207
4655
3275
5617
4141
7268
7966
585
3254
9924
3239
2962
4267
985
2869
2931
9467
3657
6634
765
9640
2951
8270
455
2148
999
7612
2537
1077
2790
1393
4658
2867
1698
9347
7175
3389
995
3932
488
3734
4738
8564
8450
6033
842
1909
6353
2996
9957
5068
5832
8694
418
7550
2818
9399
9320
2982
6809
1598
9064
1663
2939
1774
3340
4412
2158
9051
4953
992
7560
1983
4091
4442
1709
1569
6005
6255
6435
7080
663
1061
4832
400
7262
2114
6362
3291
3126
1636
3718
4339
8869
7023
5594
5564
8263
5765
7610
1361
4659
8104
4681
6416
9577
9494
2315
6469
1134
2964
5057
4896
5269
5803
3532
8035
2130
4574
4203
8924
4053
2755
6334
2404
8191
9093
6137
5489
2066
4367
3870
6221
6350
2464
4297
3959
5145
7967
5064
3959
2959
5112
8662
8128
8067
8867
9141
5512
392
3797
7899
1750
7734
2418
4763
4650
2761
3856
2823
3688
5084
2238
2238
5422
1460
9030
4630
4406
3384
9032
3950
3779
3744
8115
821
8525
7060
1935
9977
6971
744
7904
9541
520
7919
1156
6056
1474
3141
4778
4583
5083
5932
1819
5467
9990
7429
9499
2078
9462
2776
5084
5269
3059
3738
1724
4568
2687
5537
9602
3102
1982
3277
6726
6457
2105
9440
7628
7275
8170
7006
7901
3133
3908
1872
2991
9947
7301
3530
4678
3948
819
1833
588
5757
969
2664
4163
3086
8463
4515
3050
48
626
77
2132
483
5606
2271
7593
7154
6416
2294
3079
5309
9547
1031
4895
1313
939
7081
1431
5948
317
9554
9914
6373
5160
9938
2335
2052
7735
5581
7127
4211
3719
8628
3975
1215
242
243
1032
9760
5680
7352
654
1986
8706
3463
3710
2745
9833
9940
536
6706
8405
1929
4169
7576
8068
159
60
143
2104
6748
4488
7332
9084
8290
8014
1947
8034
6020
9518
826
7791
125
6211
6112
3338
5147
7159
1831
1126
7344
2184
9579
4060
3026
4981
3496
6190
8919
9698
3951
2790
902
9282
9951
3358
6535
8182
3893
2410
4104
5181
4010
5327
7956
2150
2644
4833
4771
6646
667
6674
235
6517
5005
7942
8859
4410
118
5975
2595
6679
9300
2348
3807
8684
6799
1255
3614
2571
5768
710
3059
1232
9211
2272
5839
527
9633
6010
1211
3441
1895
654
9242
7218
8661
1940
914
9996
8975
1431
1779
2726
2935
432
5055
5356
3114
7527
4335
5930
7162
4218
8382
9000
2428
2329
7411
4874
1148
2055
7507
1802
8737
5111
5122
3044
4126
5872
1197
1685
8501
3899
5
94
3277
4452
1976
5035
8476
5598
6219
1820
3155
9026
4386
2489
2333
5430
941
5111
6205
5584
8346
1913
1702
2693
846
3768
7751
9936
7991
5925
3854
4369
7330
4862
6130
9441
8167
4250
2669
8952
85
3792
254
3666
9906
2244
3109
6148
6035
3046
7846
1712
6700
4650
5051
5681
2153
5178
9349
2683
2821
4890
3806
3949
7141
7010
3883
327
7256
9038
2968
9101
5709
4327
2021
7077
5809
725
2901
3804
7614
9262
1384
7946
1850
5983
1998
791
8472
5604
873
3251
433
4551
2005
8614
5567
6395
8737
2787
7550
3444
7084
3724
9221
4210
8867
6444
899
1181
9737
1581
5822
6550
5139
8166
8194
7323
6218
3233
8971
3748
3349
4422
4849
9128
3036
157
9498
1443
4987
61
6645
9178
5146
5910
5424
7435
6487
1519
1802
1324
339
5801
3797
9535
2996
4999
6952
2586
9185
4773
5208
7744
1529
9898
6155
8993
7595
6695
9367
1029
5694
3645
6257
1030
3665
8238
1450
5067
7499
711
1961
6863
7033
5468
7370
4878
8798
4877
1523
4664
705
2778
3114
9624
2637
7111
5035
2547
9393
6972
5278
7430
6402
5556
7445
1897
2649
2526
3485
2444
5469
404
97
2461
9959
459
9128
6150
119
5876
166
2458
3983
9847
276
4075
682
410
491
4539
4438
6540
5082
8867
322
9421
4140
6607
8424
289
1269
2588
8773
8860
6821
2781
1221
7510
4430
3372
7180
8504
2471
7944
4518
6661
5071
9271
6225
8748
1954
7997
8436
4497
841
9633
6293
1429
8208
7910
3605
2654
1686
3466
5776
1319
9002
7405
7244
3335
6792
8891
2190
6730
4272
3972
8289
1511
3629
7980
7497
7342
5966
1690
1019
8927
4099
1328
4515
2798
1393
2794
8324
4833
3053
3067
5585
6151
5891
802
2330
1497
2123
6569
8199
8995
6879
4768
1496
2877
6811
1610
514
5354
6188
7130
7321
6785
6603
7356
6172
4406
293
5821
4681
1562
8644
8997
8456
2942
9234
391
1821
320
4706
4071
505
8267
4693
4687
8038
3809
4424
3273
8545
9505
789
6371
7554
4143
111
9887
3716
641
5864
2431
7918
8365
8487
6226
2566
6467
3183
6466
1775
7365
3910
3651
3256
567
9484
9653
3738
448
6581
5095
7950
5314
6903
6314
8674
8778
6704
7591
9179
8981
3944
1392
4249
3370
5999
6583
5833
3800
7883
4050
6802
7047
5744
2540
3251
2676
8865
3082
1311
891
5725
7754
4522
2483
9148
5360
8999
4773
9844
1496
6730
9673
9326
8676
6080
9537
1243
9282
9994
8012
9439
6190
7885
1169
2337
3078
3850
2205
8105
4782
7954
9400
6269
8082
4981
8923
9484
5944
9016
6334
6224
7268
743
7324
6640
6995
1049
5670
7133
2093
2510
7107
3186
8562
1680
5798
3428
4685
474
5503
1546
3277
8407
9621
5514
7016
6191
6675
3108
2672
1100
4492
7280
4704
7642
9518
9247
3589
5855
5221
4369
2012
8446
887
1678
4857
1337
7166
6136
4324
4806
3609
9428
4305
4341
8299
3431
5521
7232
9111
287
2561
7183
901
7418
7577
8087
4790
1908
4491
7485
8117
7377
6471
8960
9637
8462
6955
2879
9466
2528
7180
7340
8125
2243
5623
3356
4715
6289
7107
5706
7021
7222
6055
1302
8414
4835
4481
9219
8164
2031
1789
2416
6186
3138
553
6458
8425
1350
3222
5976
9680
5266
8911
558
6475
7721
8964
8087
3909
6808
7034
662
7307
5575
6845
8057
6107
2308
9010
473
5305
1072
7193
722
4243
5604
5954
1963
3102
9343
7047
6152
7917
4012
9770
2648
8519
4764
4651
6985
3863
8240
2270
8198
1243
6803
3927
1776
7718
2740
2345
9077
9610
1346
158
7747
6069
2508
879
821
4292
2873
5602
9313
3276
2759
5149
5229
5779
1949
833
5065
8225
9185
8568
1457
3427
2436
2213
3637
8740
6886
2686
4979
5555
7410
709
8174
8445
1696
7567
8436
8686
4224
4921
4416
8610
8977
7537
4298
7719
4040
9626
2369
472
2384
6050
1488
4484
1351
6154
9010
3595
3587
4929
6618
9210
2530
88
1804
9485
8461
8027
6731
3932
3015
3975
8061
9466
7570
9282
3890
5747
47
4445
25
1202
7753
551
5097
9984
6067
4578
7064
3114
1723
1241
7915
927
8486
5397
223
6284
1309
2126
2544
4142
405
9383
3118
6112
3588
5626
9417
450
5066
982
8535
9588
1139
4812
6820
2057
5234
2258
6372
2183
8527
4783
3909
5224
3305
6541
8125
3902
9000
6586
3015
2447
7477
4054
1923
3778
9925
9033
5341
2171
5068
2329
9229
6758
4673
6165
5587
2542
9135
8264
288
5123
8259
6580
7332
6645
3077
7104
6157
12
3397
216
9912
9271
9159
3617
2502
2186
643
8293
4807
1615
5294
9167
5594
6441
1860
5533
6649
4274
5875
7105
4873
399
9998
222
4101
1482
4478
9092
770
6814
3106
9974
9088
6688
4684
8451
2087
2782
2583
8549
3068
1397
8594
1055
113
8005
1518
8260
1612
1775
4686
9427
8072
9495
4227
3166
1285
370
4066
3445
4726
9081
9217
8404
3492
2306
4123
8987
9629
2188
8547
9647
1914
8806
5937
5703
9839
7909
6089
7105
7528
8714
8101
5167
1390
8807
7649
9047
9737
4281
2258
4919
2934
9986
1396
9844
2149
7877
3399
5606
7504
4939
314
563
2937
5306
2797
3218
5258
1628
7753
6153
6343
7928
5024
6281
4603
5883
2157
8237
217
6040
5272
9265
5264
1078
7094
903
5618
1166
7228
601
2638
3840
8626
4861
9624
5743
2972
4863
9596
5316
3618
1716
5202
4509
3868
2290
5495
3313
7052
8725
8076
3267
1763
1722
2490
1515
585
7218
6723
1228
4761
7847
5769
9758
1539
5628
3931
8587
1041
4624
6275
6700
2539
6710
4381
4816
5901
8508
7825
4913
4636
7571
3966
7036
1459
5105
5595
5328
6869
9545
6611
9206
2025
9120
2963
5797
2676
4421
7899
6597
5454
5025
1131
6149
6919
2285
2447
6027
5673
3042
5100
2812
4133
9497
129
4700
9329
4750
4163
4763
8476
6421
6444
4669
9992
5361
2988
4356
6387
9499
2568
8485
2950
6811
6047
3675
2179
8299
1979
5980
1500
722
9230
3499
2822
3765
6789
5361
9808
8013
6033
5551
8574
4268
4608
7402
219
1597
1103
1725
8331
9322
1134
5215
8095
903
8886
5012
5819
1870
2541
2393
18
6330
3994
9360
4834
5087
5107
8188
808
9160
5859
4262
1245
7203
6705
3243
7206
2700
7374
1476
476
2429
4830
7123
6978
4186
28
5953
5493
9793
2813
6575
411
5598
3944
6098
5014
2818
1853
7916
7157
5980
7067
7137
1320
2328
2140
4058
4921
9675
4966
6258
7241
9514
9633
8226
5171
8298
5248
7358
7773
6753
3519
4206
4500
769
4340
8320
5150
4234
8869
1729
2780
2883
1319
5252
2849
3049
3565
8565
7448
564
5791
7853
9609
6452
6118
13
3011
1566
1250
2656
516
6676
2367
9760
4689
3189
6408
1865
84
6730
7865
355
6230
3958
4334
8105
1289
6017
5195
2600
2727
1759
5674
7007
3502
3386
1215
3567
2800
1231
3102
2985
9793
6600
5975
6657
4844
8423
5653
1788
293
4193
6924
2803
1507
8117
5468
1132
2542
4960
7586
9069
79
7667
5822
6132
3175
1638
2099
3892
6021
7034
1470
8215
491
5906
3557
5856
2396
3341
5098
3097
9536
9210
2136
8557
9915
6586
5626
7372
6761
6381
4402
9824
1050
7281
3185
3334
964
6244
6529
5172
6633
319
4918
6186
4227
2245
3322
9107
1871
2619
5426
878
6356
5448
1178
5325
818
8575
5512
8970
4269
3012
5895
4055
8389
8702
1734
186
980
239
942
8355
5968
3821
7479
1169
8886
5955
6425
1685
5334
1593
6994
9448
6554
2041
7812
5033
11
937
6202
6109
2176
2061
3247
1736
5590
130
2104
4185
7748
3302
1454
1150
4474
4418
3067
3451
7731
2671
5845
1591
8818
8249
4296
8618
66
9347
5890
1765
6992
3321
4892
3661
5440
4064
7693
8452
7463
9960
5539
8491
607
7234
5802
7828
1922
6897
3459
8607
9044
5669
6413
5186
3910
5219
8384
6221
1491
1790
3954
8257
5666
6082
7026
6912
3808
7265
2704
456
6177
909
3137
5304
19
4062
4611
5618
2388
774
7650
294
9859
6850
8348
6563
1798
9581
8131
4535
9133
4067
3668
4331
3291
3937
5160
5505
7656
3788
768
5747
6566
1061
9868
7185
5100
9774
1104
9834
4546
9288
780
5730
7843
8085
5706
1368
6385
7153
1930
7008
6689
291
8066
7578
7653
1070
7221
7665
1148
4240
3228
2714
7341
5104
6428
4292
6076
6013
2850
7633
9335
4679
5544
9113
3636
1420
4795
3002
5699
739
554
4594
8585
1034
9460
8508
1535
1082
4018
9991
1970
1978
3265
7718
979
5426
3667
7430
8705
9151
9045
6642
9112
9640
4926
9293
463
6043
4148
4687
6469
4369
5938
5781
9568
9040
886
9526
7164
8274
5400
4730
7913
8627
9159
9129
6930
6856
2228
358
321
6606
2781
3328
272
3353
5359
4178
545
7191
8328
5288
1983
1677
6901
6976
4198
1256
8915
7426
6938
9765
5166
6937
9385
6779
8620
5284
3399
8653
647
4842
9257
5077
1686
868
5573
4111
7112
6598
4566
351
3646
5000
3386
6017
5530
9007
6139
525
8330
7753
9407
6286
9250
8039
7451
3352
5296
5001
1164
9360
8728
3789
5417
2354
2102
5638
7901
4765
6127
6737
3765
8125
2075
7507
7578
6698
8759
650
7959
1374
964
3264
1611
4998
2688
3504
4186
495
8277
9039
2932
1129
8447
107
2636
6357
9606
3527
9765
8913
3218
8857
531
7331
8353
2494
3898
6218
206
3441
2795
872
5024
9100
8056
9570
6580
8535
1854
6750
3435
2029
9853
3411
2480
4840
7606
4128
3754
4077
2299
4432
1305
3502
1171
2504
223
9364
7211
2861
1253
1614
3864
1684
1266
496
4127
5294
5196
8043
3214
6021
2842
6941
7958
4556
6247
5805
2573
2600
583
8454
1706
3476
4506
5938
9236
2374
8375
3547
8962
2846
1818
3133
7283
3747
9268
9482
9305
5581
2496
9332
9012
1201
2766
4388
1557
7543
2294
1168
1929
735
1019
8960
507
7123
8484
9611
6576
4163
6381
1132
966
2376
2821
5488
8732
3802
9627
4133
9266
6345
869
8526
5238
2108
8139
6288
6784
8664
7406
3925
3224
7817
6834
664
282
2329
8236
8760
8150
673
2967
6748
2579
9595
112
7268
4830
1850
1524
8369
9965
8790
5280
2991
3465
5873
3005
2748
1540
6365
6420
7689
4699
1936
4978
1796
9034
3605
7503
2837
8948
5166
347
136
8696
4679
6221
7640
968
6984
8712
519
7656
4075
1088
5314
5964
2560
5831
9754
673
5659
3050
4204
1595
8454
4114
3961
1934
8730
8291
7196
3456
9946
3716
3031
27
2327
2649
6245
5212
8954
4544
8600
7936
7759
8285
219
8360
7943
5900
4768
959
9259
8846
8185
7310
7398
2863
6037
6516
4157
6187
4404
7687
3271
6873
3150
8232
3741
4481
2290
4846
7112
5018
3088
5073
9959
5821
125
2262
6919
9094
7502
2919
180
5039
8456
5778
6977
2182
874
187
4232
656
8598
6241
924
5900
1769
8040
9452
953
7290
1418
9704
5825
2550
2271
1408
4506
205
2402
3781
385
9851
2994
4106
2299
6115
5479
6570
3528
6767
8225
9848
4413
2511
5702
3829
4663
9384
7898
8049
1889
7592
8845
1801
7396
6677
1094
6060
3008
653
3326
6337
5687
2533
7358
3149
6424
1039
3944
724
369
4782
400
3285
8444
9292
7232
4533
1734
106
2301
4358
9324
6448
7129
5790
2089
3403
7
1150
763
6937
8837
9489
625
4855
396
3737
1909
2399
2710
8372
2968
4509
9100
8842
1436
2055
8590
3906
5832
8086
8938
5270
3535
5630
9580
2581
5454
4182
7181
2309
6207
8861
8529
7933
4365
2317
439
2303
1733
4500
7721
2301
3475
8285
1397
8145
8157
4902
442
3397
9712
8039
7975
2688
625
4391
8442
3873
9579
2274
9754
8878
3364
5546
170
5646
2109
2613
971
2246
7506
8870
3398
6814
9495
4676
4352
1514
1011
1117
3055
6767
7682
3375
8764
6429
8472
3341
7986
525
5250
5697
5467
6601
2135
7788
2093
3628
1373
5982
9103
3155
198
1621
2820
6798
6363
8121
9198
4135
9925
8519
17
146
4253
7657
7620
192
9695
9096
7955
2587
8856
4584
2176
2451
416
9267
8536
8510
7820
327
5488
986
4835
4813
4688
2081
1283
855
3833
2311
9716
5485
1650
6217
4813
1882
3183
4321
3741
6259
9537
5042
5893
5471
5757
8783
1198
8494
8326
451
6981
1382
1478
5036
7206
3987
807
5212
2979
2888
9003
397
8949
1261
156
6623
8329
2684
7410
1484
5088
8724
7027
4547
3110
107
207
3294
2144
4236
8391
8843
8815
4911
6588
6276
3412
2712
1139
604
7471
5745
9668
2168
6243
2222
2061
62
552
3575
5759
5317
2965
8497
9172
7979
9364
4793
1596
9284
937
3025
2653
7532
277
7414
8266
1880
7897
3418
98
3294
5116
3348
1739
9343
9714
697
9666
6173
5693
7071
5478
1106
1567
7578
5096
1444
260
766
9491
5613
1011
5730
676
6865
9440
7572
3205
4958
6773
8418
9468
7231
5768
269
8493
1215
4656
2326
8057
6953
7304
2375
689
4314
4783
3858
3958
3629
2308
4462
8882
3300
4103
1405
4065
7495
6718
7307
1800
3021
1244
5101
2265
4742
9255
4931
9453
4979
6859
7929
648
7928
6474
4099
1669
1847
9179
1178
3619
260
408
7890
3876
8245
860
7930
5071
152
6224
6694
3129
802
4582
4960
1622
1205
5414
4387
6150
8637
9646
6221
9191
3810
306
5998
4179
9460
8377
5639
8157
4614
2252
6491
6970
604
1172
2948
1358
6483
8999
8659
1846
5349
1320
6171
8980
8019
195
1297
8863
7964
5175
3540
8235
6227
4870
8967
9425
5560
9271
1768
5716
8325
3459
3611
9797
8225
4921
2069
9035
2698
3059
7457
5111
3892
4554
9537
433
5098
6801
4093
6109
2552
7641
9550
6753
3116
2119
4526
5308
1628
1956
1185
7722
5178
2906
1425
1491
2249
2130
8568
2790
9852
139
7898
9149
4256
4000
2851
3701
8668
7801
6044
1435
6611
8356
2065
7062
4233
2729
3464
3020
2154
2728
2678
359
9908
3574
4563
4972
2774
3019
2646
3860
5092
513
2352
1882
8550
1701
9475
2217
1075
3108
8085
6231
4253
1446
2783
6890
1720
1152
5185
8391
8428
4168
3230
9089
862
7655
7897
768
4498
5770
461
748
3362
5340
6567
1086
6480
7543
1126
2478
2591
3309
3005
187
2232
7760
1967
17
1899
250
4405
5783
858
3016
1882
1712
6667
474
2867
594
4280
7985
5272
3694
8484
3258
2975
9483
7762
4044
1960
7507
3245
8131
4094
5978
9776
7069
1198
8389
2644
4551
3452
9194
3379
8133
8522
825
6539
3136
1155
67
9524
5211
2097
3285
7345
3337
5144
1065
9050
2869
4421
4880
3523
7544
4394
1681
9943
3139
3625
4599
3180
9095
2131
2820
7453
8870
469
7573
2922
8701
4491
6138
6145
717
3593
2443
5246
8687
3983
9429
7089
4502
8139
3669
1046
155
24
8049
9572
4138
5165
1102
5970
8776
2158
5086
5307
6063
2932
4088
1789
8149
1470
2275
6591
677
1946
9220
8461
7812
3527
5160
6691
9398
9027
4373
4975
3612
3896
8055
6700
5925
57
5157
4982
4720
5118
74
2419
2918
9306
3814
681
5604
2556
6225
5560
9604
3106
8448
6470
340
2348
9740
8520
2791
4987
1373
1106
199
7467
8979
3101
5297
877
416
4574
8135
9474
7932
17
3779
6101
7554
8792
7284
6946
3656
8460
7777
9855
2248
2374
6922
4033
9876
9785
9044
9709
8285
2256
3979
185
2611
9244
996
9056
8770
5102
5482
9476
2256
6990
9728
821
6019
9048
9684
3816
4396
703
3860
9598
4390
1028
1054
1527
9087
3936
1048
5725
9091
3817
1607
3167
1273
4734
4560
3730
6249
118
9797
7519
2631
4339
7886
7597
8147
5107
2529
9187
1434
244
9872
5527
5414
9278
4960
3691
1613
4061
5038
3028
2530
1229
9296
9845
463
6615
3614
3780
1095
8895
2407
9096
577
7119
2684
1929
3935
3070
5757
6535
1396
6570
5364
6552
4621
4642
5670
6075
2237
644
2760
6764
8500
6188
1400
314
8744
251
5141
2428
537
2485
698
9915
3015
6682
3088
6402
9441
8470
9204
4653
1884
3487
9813
1792
6853
6189
96
3494
1355
4786
5106
7321
9684
8941
1322
7080
3250
6867
4284
1361
7977
4914
6488
888
2419
9869
1129
3571
7458
3034
1477
6626
5903
278
3378
7836
3725
8460
9025
9302
4876
6850
7283
6244
7961
2874
4141
1037
108
4664
4052
6343
8346
3915
459
9851
6863
8931
653
6258
5931
6995
1560
7098
394
1083
9915
8227
4216
8517
7333
7861
1979
4741
7413
3404
5325
4317
2601
9933
8334
6006
1920
6356
2012
8218
4110
3092
6223
5133
3623
8626
9906
8850
5365
9984
6485
8113
3487
3075
3496
6848
6790
1990
7379
9207
1269
3448
8522
256
4138
4846
2064
4796
8300
4161
4089
2419
6793
3527
29
2067
8941
5941
6295
4195
6562
5306
1909
5431
6444
9575
4980
2802
9326
8481
6607
1026
4823
8606
2730
7741
330
1124
2670
645
2818
9732
460
4155
2269
1308
6151
1531
4808
4995
8977
6078
3572
3622
5280
9055
9489
6388
9325
6896
3041
389
7781
896
6239
2101
7187
6704
6911
6657
1325
6350
9828
3845
3357
5218
7193
5111
7506
6634
163
9727
8887
2805
2716
9700
6064
8451
2481
2680
3329
2950
7018
7238
6973
3663
6949
4430
4952
4584
2010
4531
3209
5876
6675
8838
8440
0
5635
1130
2250
6514
71
4208
3876
7451
2804
9823
7434
4908
209
7521
5673
9877
2069
5603
4188
3214
3044
7203
1374
3311
4166
1663
1513
2794
7191
2094
6090
77
2588
3598
5748
258
3959
8022
4265
5357
9474
8832
9929
8229
1226
3842
9038
1910
5415
9998
1046
459
9159
2059
6229
2210
9998
1231
8872
4503
9150
9755
8891
8425
708
8381
672
9636
9312
9928
1845
7497
3507
5832
2297
152
7732
7482
2164
5828
5018
1603
7778
397
7219
3577
2572
9320
248
3326
3994
5810
6630
1816
6372
3720
4631
2758
7441
6297
1655
6115
3329
7874
1851
6335
9181
8980
7145
4200
3783
9696
616
3078
2269
4677
4012
5064
3183
4710
7668
6808
2371
8162
9906
6021
7150
8353
9247
4830
4358
2587
8882
1779
9846
3176
7973
4497
8341
2989
5045
30
4175
5880
822
1981
2391
4334
4577
1402
7880
7624
1166
3799
3170
2036
2097
1017
8709
9516
3028
2589
7242
8255
5834
6708
2723
9232
3762
9869
5505
179
8976
474
8777
6616
3776
6088
9863
9443
9633
5798
1321
577
9073
4620
909
3615
8823
6591
4589
1611
5678
407
3500
2886
5583
7490
4317
3346
7791
2655
3155
6086
3313
8421
9943
6865
8997
1614
4882
7802
4241
9033
4698
9190
6580
1781
396
9280
2504
5040
6408
6350
2123
70
1760
1498
2513
275
3546
4470
1143
3293
1129
1812
5511
7842
6061
4988
7540
4236
7882
5572
624
1513
5572
1841
737
7564
3848
1686
840
1188
4330
6989
935
9053
4479
739
3814
3926
2640
764
9754
1846
7326
7310
5924
6339
9457
947
2757
1660
6670
6112
4983
1704
879
8473
8879
2329
1664
4680
3004
1665
5184
3199
9547
8861
9507
9296
532
538
512
4831
3166
6361
7190
6378
7845
2750
6240
9534
1864
1918
6417
8207
1499
5109
5624
5631
9565
2008
2986
5986
1280
8995
6786
3009
444
3245
9633
727
4216
2869
7614
1537
6610
8636
8191
7345
1919
2615
8542
8735
1487
2405
5715
1077
7052
8512
5391
8630
8512
8833
2839
4209
2853
7459
7094
9112
1519
3658
1920
8161
7589
1654
7315
6807
6743
8647
6359
7954
3487
179
7831
4787
4594
2789
1261
2744
425
480
9003
3655
2241
7140
9177
9566
2589
2619
9124
4777
3460
9356
8056
2875
590
5469
5302
6284
322
9682
1918
3779
8589
4375
4642
4080
3085
8202
164
1978
5771
2312
5401
8512
1182
9684
9187
9416
212
2451
4566
4539
6382
3382
5502
8974
4218
1014
7264
2425
6797
5069
2915
7252
3579
9831
853
9471
5508
9105
7910
7434
1344
3190
413
9055
7161
4004
5901
3050
8898
6421
9162
2126
4511
7407
4472
3002
2472
9878
6898
9352
4522
9424
1592
5133
158
584
7954
4860
1004
1762
740
3078
265
933
4402
9337
2765
4699
8700
3309
2491
9434
7589
4844
9883
8583
3460
8061
5198
6156
4389
963
8060
7301
7988
3457
4921
9106
9957
5677
6271
5609
2389
445
612
2079
6138
6051
5571
7552
9181
5302
5985
5680
1877
6017
6041
9590
1944
8060
8886
305
6881
9540
992
2382
4654
1736
8722
3649
3464
1102
6631
3011
8299
3340
4164
6474
8887
4726
6099
671
1819
276
5355
5325
9851
9461
209
926
3296
9854
5637
7212
5678
8086
1030
7158
6856
6629
7893
3589
9752
2775
2302
9297
8411
282
2036
4780
4936
5598
7242
2662
921
7031
5783
3150
3659
4559
4179
4374
1720
9822
9612
5112
6199
7952
9892
5002
6584
6548
8655
1993
8343
8617
4478
7061
641
5453
6917
8117
5512
6399
6163
6323
3381
8622
5508
1144
4435
4040
1467
3922
629
1882
8488
1721
9389
9798
4881
8073
3760
8305
5619
5225
4100
3800
8095
5918
2247
5529
8520
7267
753
5352
5710
6162
307
8886
3728
5003
3917
5193
2779
4493
6515
1865
6754
5027
631
907
5728
6720
2512
4686
7510
7109
4662
2901
7437
3084
4730
9981
1443
3686
5504
5866
5677
2212
5640
2023
7877
5415
7067
9318
512
7301
5946
4592
7533
5770
7978
9582
2927
4463
106
4179
2880
4833
3015
2943
6138
4239
6760
7073
1754
5400
4307
3573
8735
3995
9875
9815
9404
9762
2491
7807
324
7178
8651
3872
2846
5762
9315
5939
8132
2034
2477
1865
9951
6402
1533
7055
7346
178
950
8536
2043
1476
8175
4191
222
6861
3929
8791
1767
5062
626
6913
9155
3941
2806
8632
3250
7596
3849
8821
6509
4149
1935
9047
6619
6293
9150
1397
4479
67
7857
5133
5235
9487
2937
3197
4300
2708
9004
2671
4690
6714
9936
4243
9448
1244
3538
3143
8948
4570
133
7550
4846
9618
4689
5774
431
9442
6520
2106
1552
3280
4429
9026
1984
9053
1368
3000
1600
1400
2066
770
6838
2413
8325
8972
7004
8759
1011
6020
9494
2103
50
7792
9043
602
1955
5038
4765
4108
5187
2935
7740
424
9948
9225
2052
1383
680
2864
59
6106
5654
5472
8828
1790
7682
1779
1715
7022
1119
5383
6553
7582
2119
5040
5509
6216
3257
2399
3484
5846
861
4543
4020
1951
7149
6731
5558
8214
2619
9127
1135
6775
1298
6704
8347
5773
4214
1421
4284
875
1082
9162
9131
1218
4884
8929
1789
2888
347
5677
5023
1241
4133
5736
1105
5134
1732
907
9269
1713
7614
219
2158
4052
7728
5709
1753
1989
5420
5858
698
2739
5993
2527
5113
629
9031
3511
9724
2372
8278
6954
207
510
929
5820
992
900
1295
9700
8744
8919
5817
1872
2498
4989
9175
7497
3305
6498
4891
9037
7486
4405
9399
4524
6362
8491
1929
7508
4298
1082
9614
6645
9401
293
4235
5559
4246
1293
2994
5603
5421
3135
706
7474
2300
118
3020
2555
1534
6232
1242
1534
3859
3606
7295
6357
6742
9197
6748
4858
3646
2147
4171
1472
1236
8411
8130
1621
622
2668
1852
3467
1661
2928
5868
4427
7778
9480
8115
5505
6442
9449
6947
3510
8750
2773
1079
9270
9642
9501
960
5094
7508
5869
4731
9059
6466
8915
4822
4180
2871
2443
6934
6249
2804
6183
781
8236
9947
6687
4544
4220
9312
9936
8399
6491
4556
534
4818
7120
4411
8666
7601
1711
4377
7894
168
950
4112
6281
2399
8876
6728
6956
3586
2308
2250
4080
1414
8965
3587
3281
8669
4939
8575
4775
2151
4681
5014
923
4564
3096
410
9914
1122
8591
5715
1859
5666
8991
2273
1348
5403
1383
4413
787
5219
5729
4876
4273
976
1566
6943
3745
3172
2163
9707
4263
2990
9727
7965
2829
2130
2389
642
4836
9632
5156
8903
1773
9679
5384
5583
9157
7027
4468
3550
3278
5168
2934
4554
840
1389
4252
4948
5198
3651
5305
1170
2855
7907
3364
3050
2521
5941
7978
9164
3133
4548
8112
2970
8026
4745
4261
4453
8065
9866
2993
9972
3394
9222
7886
2743
7347
2397
7975
9902
8419
9119
8505
5271
1080
7651
1538
5527
4234
5509
9372
3176
2314
5724
1410
367
274
3627
9020
7855
9865
3666
4173
6702
2153
7187
2387
1182
1559
5255
9582
4088
9881
5903
9267
4590
4021
55
922
9069
4361
4123
333
7199
8706
4894
1715
6207
4861
5157
211
8854
6802
1366
7238
5012
9006
8434
6311
8780
4666
4554
7909
7253
8493
7750
6058
7666
5584
6119
7012
6469
6398
3825
8026
5886
3025
9670
4099
6695
6518
3550
6312
1064
3285
2904
2349
5542
8443
2952
6458
8538
5489
8153
350
6201
1456
3212
35
8017
6623
1021
654
2316
9801
1243
6273
1131
5297
6596
1832
3405
31
2623
7066
9008
4704
2914
3818
7938
9774
2238
5551
5143
5260
213
1887
9649
9091
6012
772
3167
240
2830
3210
7306
3422
8029
3809
3974
300
7094
3821
2935
2752
4556
7400
5671
3403
8817
2719
7228
9197
5885
4256
4609
9820
7126
667
4357
7540
5200
8924
2798
3312
1218
6942
3888
3472
9697
6558
4362
6522
4621
9627
6406
2700
7965
2037
8740
2797
6838
1222
8819
2087
2528
1781
8110
454
3098
1118
3390
6074
286
579
4623
6407
940
4129
8963
5240
6275
9562
7893
631
9654
2314
2006
4994
8488
7213
1544
8417
1033
5108
1085
5317
1175
1172
3599
289
2300
5571
8633
3515
9436
6899
5995
5320
1588
5590
3882
3966
8582
7633
134
5069
8574
1387
6358
1930
7316
7738
4550
9486
6348
1167
1732
1660
2865
333
5510
5658
9175
3504
6763
9409
7529
4207
575
8384
7297
2735
7429
8881
3241
8733
6592
9692
9106
9389
7837
6545
6431
3100
1419
1779
631
6235
8519
3462
9430
6754
1893
5427
3598
5226
2725
8031
1400
1412
8615
1678
9320
1639
8787
4291
7932
9861
5615
3024
1958
691
2525
9149
1834
1103
1169
7544
9175
9528
9095
8607
5120
2962
7877
2873
1155
3606
3153
196
5574
7706
3465
3287
8503
1613
8859
2563
4045
5510
4963
6164
2626
5538
7636
5011
9980
1279
2220
8124
9207
3729
3146
5197
449
7807
8781
6212
8408
7855
8110
8830
5514
6645
9647
913
4442
4015
7072
2141
2396
2915
7295
7878
1554
4926
3000
8753
6200
254
9587
2346
5469
5890
3660
1694
347
9635
3226
3539
2310
3449
8476
2525
1456
5594
7375
7312
2394
1239
6240
4045
1033
251
6067
907
1165
664
5691
4629
5249
9398
3951
3639
7550
9301
7187
5592
7866
279
9377
191
2487
7170
8232
2171
3702
4767
1378
8365
189
5696
9501
1279
3752
6964
639
2863
6201
1444
1113
8540
1537
5452
9338
63
3
311
4368
8792
4266
7832
6804
8288
5377
4541
2448
9392
3657
7733
6603
7053
6157
81
8932
3117
2771
8939
5487
1749
1079
9981
3294
24
2080
480
4958
7110
4959
7073
9649
2227
2198
850
6871
659
719
1394
4005
8587
372
1525
5460
4189
893
8828
3901
2212
379
6966
5617
670
6926
6185
2561
8442
5899
5934
1531
6951
9695
847
7748
4204
6429
5659
6864
5282
5402
4598
7105
2731
1673
3749
5210
9814
3003
1734
5497
6988
3821
4742
2960
3809
5628
7757
3697
2109
3729
5907
6790
9611
545
723
1274
1206
639
3054
3146
829
7085
6639
15
5733
5287
1025
7950
4906
5009
6334
7658
6041
1162
4097
8733
1436
7567
5788
7767
9682
383
4460
1301
6791
4438
8839
2238
298
7875
736
6150
209
2530
1628
3392
1045
1888
1836
8203
3901
9752
1266
6433
6785
2965
6814
3499
5854
1570
1371
3197
3803
3623
1427
8283
7366
1039
4005
1109
9845
8470
1790
6314
8811
1430
7333
1761
6584
1647
5685
1354
8099
1457
1811
8113
8408
4536
2389
9818
6872
427
7971
6140
9625
2728
7283
5226
9635
9813
1383
1117
1435
6830
6472
2286
9821
2771
5873
1131
424
5076
2122
8722
3217
3705
8455
1027
7668
5231
4720
5045
2724
474
2628
9260
1349
4379
7998
4832
6826
2428
5085
2129
905
5159
3782
434
220
2684
634
7912
4358
1378
4179
5402
2550
2882
2701
3602
1149
6695
8163
4195
3055
4185
3804
17
1276
380
7676
292
6573
328
9218
1515
4164
5836
5937
630
3043
8953
9151
6401
1379
5716
679
6557
9534
2380
3846
3705
7823
5562
3577
3578
1793
2682
5272
1770
4660
8699
9998
3465
1826
8372
167
291
7521
3390
2690
3475
9137
7516
9737
9041
2983
8918
2446
2207
359
5647
5837
3411
1242
4944
1575
3525
8261
6368
804
6597
3962
7320
6693
7200
6480
2654
1396
3167
2188
2547
271
3819
7425
4528
2040
4507
913
9610
5808
5915
2817
2591
5024
938
8746
8259
3961
7198
8741
2869
8905
881
4114
8151
7793
375
2996
4239
5816
7334
3339
9046
8509
7306
5816
1417
2329
9883
6694
3218
8543
2149
5114
3047
8829
4245
3033
4804
1361
7117
8983
4503
1986
3101
4749
6264
2463
2413
4953
6089
146
6459
6640
8403
7982
4396
8860
8209
4346
6987
9161
605
1667
7556
1669
4544
4794
5903
2550
3060
2080
3742
7650
9161
8774
7931
1982
9179
6531
6186
3424
6098
4294
2639
8772
3574
3963
8307
6963
9924
20
7740
8883
6365
4652
9579
3403
130
1663
7864
756
2876
8991
3506
5560
9023
3849
4650
4699
2506
726
6154
1402
5455
3738
6883
8263
1427
8062
8807
9572
4932
1230
3017
9658
1673
2238
3093
1188
47
6685
4174
5380
9892
5800
6700
4951
283
2230
6290
6619
9802
7897
3272
8406
7050
1486
3922
6403
4610
399
1440
1539
5925
6193
9304
4246
6732
1257
6296
5171
3632
582
7045
9629
7648
6735
3638
5199
9951
4432
1586
5095
1980
8728
6911
989
6104
4940
21
3420
807
8644
9167
5256
5376
9387
4856
1125
969
1642
828
5094
3997
1494
3849
6629
4316
5997
2150
5972
133
350
1344
5187
3410
9234
7754
5778
754
6176
9339
1628
1402
2556
8087
6471
9570
7571
8746
284
2911
6695
6500
8777
4110
8429
2589
6624
8607
8629
9285
7720
8789
4635
137
9939
9086
8715
1803
1767
5866
7392
4274
9287
1635
7266
4313
100
5520
2128
9670
3756
3803
859
224
7542
4009
2301
7995
7330
1827
4907
7652
9170
1902
5600
9101
8126
7414
5259
3812
7912
2467
2066
7198
5655
8269
5680
705
7574
7304
2771
6361
2071
5433
3745
2279
8315
5539
8443
4648
1842
812
7463
6310
4188
9124
1676
8724
4848
1180
5098
5759
8835
3821
4368
4988
7217
719
800
4544
2031
5840
11
9889
5955
5024
6101
6183
7221
8405
4684
5474
9976
4745
4624
7765
1420
6339
5733
5572
7469
2107
1947
4975
10
414
4540
5012
699
2958
2481
736
6652
607
1258
6096
8351
3553
4734
6557
3490
5486
6247
2110
7361
7636
9098
6069
8150
7578
2705
5977
7990
8547
9645
3083
1739
1863
3715
6601
3758
5554
1332
5850
6549
2918
2796
3804
8188
1548
6269
9202
6095
5716
4769
8985
3856
8437
2756
2938
5501
6032
5645
6002
4811
318
829
8159
538
9790
3981
1467
8081
6544
2891
9576
3661
6281
9757
2123
2602
4900
5751
8530
2318
4508
9440
4762
9981
4946
6556
645
7918
8877
4054
6609
4885
2904
4974
5457
6009
2951
946
2979
9800
9404
8262
8495
7634
3718
4609
6065
7647
7383
9337
6352
6737
2213
424
9812
5650
3165
7591
7439
8183
3282
4939
5310
7852
7397
618
3987
8166
3798
7940
6031
372
2094
1209
3293
4728
793
9169
9076
3930
9812
7016
3078
2046
472
48
4867
8635
4373
2907
4363
541
2252
2602
3177
5402
8772
6221
6071
9387
6006
9346
1643
1587
8648
5469
4360
5131
3006
1853
552
6346
5831
4371
705
894
6626
8167
7894
8546
926
587
6448
4748
2395
653
7598
4542
9758
8047
210
1857
9498
5069
7000
4870
5994
2436
2967
9414
4840
9921
941
3339
2758
1352
7186
5280
603
2736
8123
9885
2575
6857
9296
4949
2221
8575
3550
7480
2196
6290
448
1
7882
6134
8371
2236
3946
6355
2962
2537
5897
7770
8888
7131
3935
6034
7055
3449
9793
2960
7011
4931
685
6391
7728
3597
3443
9463
5980
4562
6577
3549
6849
2048
3833
8715
9320
2911
8694
2730
7930
2523
6907
3299
4534
2068
7348
3421
4675
4564
5497
2862
2250
6497
6128
1823
8346
7987
2448
5097
192
8130
8888
1816
7088
3311
5643
4744
1535
7934
3793
3169
2676
2351
8649
6981
2361
84
3214
5008
9783
3764
7344
8166
5084
3388
5229
6869
8583
300
26
8523
7894
3495
6349
616
4722
6976
2274
258
3935
6818
2963
2972
4920
1505
4018
2619
6430
4291
6785
1447
7674
1485
3279
3842
7225
5141
4078
6418
732
2492
8107
8713
4758
5200
2730
4158
8714
8298
7857
8546
7115
3803
7162
8918
8895
5277
8880
4398
7368
6650
9961
2881
9327
9870
640
5920
6313
5650
227
6179
7267
1800
7361
2586
9585
3073
2462
2135
6615
236
6033
4137
4213
6141
7979
2046
9830
9210
1638
4075
2596
4108
6853
5765
103
897
107
8830
5562
9395
3080
2937
5420
4959
6686
1987
577
8372
141
5855
1421
3423
7053
2599
1585
9336
7349
2936
4305
389
848
2463
627
4557
6273
7152
2711
6991
7532
5695
2925
7372
3172
6498
3547
5189
3096
4269
3462
9560
8935
6570
5133
8322
4067
6988
1909
7360
8584
1709
2163
7779
2028
2438
5041
2758
9776
5557
4188
122
3417
8983
6851
5426
8058
7768
9402
4746
7768
9132
7322
4540
9095
9493
5678
8331
6060
4705
2658
3476
5290
5327
882
2102
3896
597
611
8820
5769
3165
4974
7786
2342
6884
9655
3431
2184
920
2791
4168
4455
7097
4578
1886
2825
240
9684
4271
7322
5375
6742
7243
6430
8519
6104
710
7888
8906
453
1264
773
1332
4163
2460
4983
2996
2867
472
8987
6932
2595
2575
4560
8998
2576
3678
2089
163
7289
3437
3325
2877
9231
9288
9244
9523
5397
1805
485
9441
5529
1521
6306
618
2687
3708
5080
8859
9532
2472
2845
7046
6472
6163
4486
2901
6294
7165
7491
4814
1932
2692
721
1516
4548
2366
3441
9648
821
5014
8215
8963
7770
1233
9559
1704
420
5906
8943
9074
7176
2736
7436
2407
2661
978
7053
7324
8953
1310
1051
7479
7001
8335
1935
5192
3868
1085
5006
3161
371
7989
4288
2737
4193
672
6574
1138
1618
9708
8514
1746
9561
6976
9919
7387
249
7097
4321
5411
5443
8650
5012
2747
9758
8566
5387
8766
6912
2111
2381
8942
3547
6571
7374
6218
4372
7531
1712
107
6932
8768
8687
720
5505
7509
2668
3208
3400
8530
4894
6100
40
6164
5392
1689
9066
1414
419
2497
3637
6213
2280
8862
3075
1474
8075
847
2455
680
7088
8559
9498
9493
9617
8104
5787
5916
7059
1934
315
6489
8066
9299
1551
6895
175
9463
7402
3793
6503
2166
1075
8801
2817
978
5128
5031
2771
9710
1700
4535
2698
3740
7411
4690
3237
3539
1979
9439
7026
5924
140
2895
7759
4700
4330
2526
3918
9634
2012
9790
8111
3974
4029
3581
8225
346
5497
8718
38
8059
7721
1554
5220
4786
5124
4293
4300
8406
6496
3168
2650
6450
4712
8400
8117
2889
624
5593
9179
2203
8680
3752
2260
1027
4903
5313
4536
828
5697
4364
3465
2586
6178
6442
6514
9526
4747
1478
4709
4828
1541
6004
3644
3303
4070
1893
5341
2428
3513
3300
9557
7681
7069
5614
5900
3894
1982
825
8024
6780
7220
7647
2328
6644
9958
7023
2805
3701
910
6525
5001
389
2469
8895
350
2425
3032
1328
5529
608
4117
6700
6363
9269
1348
8134
8414
9854
1035
2726
945
2807
4753
477
6591
6520
289
9562
3092
6957
4838
6947
6715
6351
3081
7346
4581
8294
2872
3702
1300
9588
6208
9413
6717
1433
1913
6495
6009
6799
3824
7726
2775
5998
5702
7479
976
3125
4929
1092
3041
2608
6894
3130
661
695
2795
7728
1961
7336
708
3812
7646
6772
7589
5420
9780
8427
2869
8442
4952
2810
1958
4987
3086
5008
2570
7764
8999
5483
6102
894
5077
2645
4080
16
7490
308
2779
3665
7983
3044
8500
46
7461
1916
1278
1440
1925
8216
114
3958
2446
4118
5571
1244
4494
2118
193
6845
8414
9286
62
1459
4722
3765
5481
5524
7575
7255
3386
8538
2951
4247
2107
3222
223
2352
814
6750
7485
695
6713
1843
9437
7471
5793
7897
8427
3790
9740
5463
2069
2674
5583
3068
7910
1521
2750
9497
3199
7925
1339
7433
2102
2742
3421
2640
785
1124
3517
1490
3518
9187
9299
3452
7535
439
9715
1701
867
6585
8144
9473
1011
5397
6517
9676
185
3764
9730
1840
9930
4224
210
9435
9868
5309
5625
1721
8957
6056
173
70
1747
3141
4506
5383
3347
510
7067
5088
1218
5282
1871
6050
7636
6434
2169
7232
128
4680
3434
8109
855
4455
4502
7829
5847
7445
5375
9058
7531
1893
4959
7229
8261
4577
8196
1980
6043
2352
3091
1244
7690
3214
7275
7078
344
6009
7605
813
8258
622
7213
539
8307
7903
3657
649
3063
5348
1120
3142
9561
7008
5770
5797
6561
7437
5486
1890
3086
2813
5306
4087
5017
9130
9421
227
3288
2643
6241
7386
5031
6368
3661
6687
760
8900
9322
79
5055
5656
4327
7064
4120
3578
7707
2655
1063
2168
8453
4754
616
7529
6492
9172
2459
71
4954
7654
1529
3482
5682
2963
269
4153
2226
1727
804
4555
847
2287
5383
2155
4543
9057
5584
6035
6002
5051
8478
6308
1531
3358
1387
4086
2623
2734
986
5885
3866
2495
9719
2185
2213
831
9212
9968
5859
1997
4563
1212
7752
5163
6121
6587
7065
6501
7725
3288
3349
6570
2852
2343
1222
200
7444
5045
1728
9886
9300
1785
8744
63
5296
4093
7056
3716
5611
3758
5431
4366
8850
9690
493
4693
2486
1396
8547
7847
6783
9677
6660
1506
8913
9881
587
4031
8819
8375
9857
801
986
9582
2969
5990
6465
1193
4445
813
4338
527
1014
2757
4065
7840
8019
5450
9037
6586
8086
2686
6012
6147
1935
8555
8975
4352
1209
4296
5910
1210
9133
8739
5574
681
4529
444
8
8335
3905
2188
6740
3221
2939
3656
8723
5943
5455
7612
4980
7385
7422
6690
4693
2168
5557
446
5202
7870
7689
8907
6884
3633
5021
3795
7810
9982
4880
8634
3589
3973
2163
6068
3841
3582
2872
4504
3516
5202
8044
26
804
8308
136
8385
4969
6721
544
9056
3141
9942
4478
2956
5833
2512
2074
7652
6861
4026
4770
5678
2102
7676
8880
2711
3953
7351
9360
6790
2909
7526
1346
7436
4684
5585
8518
8099
5315
9250
7472
2403
5762
7771
3617
9363
4695
4680
7925
6283
8404
6313
9651
5531
1815
7701
5146
501
8989
810
4127
7838
6920
4061
8746
7978
8777
661
6748
1615
2665
323
5833
5242
672
9491
173
833
9903
8322
6345
15
2903
5179
7270
7375
2000
5589
4930
5807
8095
4691
6022
1589
3100
3840
1755
2150
2240
2812
9743
5163
107
9578
3746
6390
3139
3719
1967
9548
357
9234
6425
3250
8629
7422
5953
5598
5351
6615
7104
5703
324
2561
5068
9016
6979
5678
2868
4927
4600
3390
2769
4499
191
2463
5561
9710
9716
1879
9006
2301
1345
7108
8395
681
1987
3955
5804
6425
66
25
7495
8095
4522
7032
446
4652
4469
1967
342
8347
5873
1543
7151
8524
9223
3959
4136
4012
4700
3144
7423
7766
2607
9113
5707
5434
3294
2793
4115
3063
8820
7072
7890
2327
4472
1806
7325
8061
2215
640
6214
4549
4967
1256
8032
6403
8022
6770
3912
6700
4123
5471
2500
2327
6242
4324
927
1609
7111
2903
4918
8006
5403
9401
6042
6788
1253
2711
4222
4864
7535
9306
3168
7325
4896
6158
9984
7992
4266
2868
4661
6151
3260
6557
7560
7425
6451
905
7636
1116
3576
2451
2848
3482
808
4179
1330
4217
2080
1031
147
2845
6849
6880
1125
2712
7496
6965
1382
9389
3844
7249
8
7769
8775
8790
2387
3867
5424
2901
360
7437
3421
8489
8712
2541
3464
5180
3247
4591
3280
4542
7423
1003
9026
3195
3571
1215
9697
4827
9839
7679
1771
3237
6350
7528
8389
3571
580
3255
55
290
9737
3531
4013
9129
4866
7737
1125
5472
4994
3385
2191
1706
4625
9146
6103
3809
2074
987
8948
8647
9224
118
5854
4566
2833
1188
4489
4195
7645
4582
7093
1297
9153
16
4094
5723
6283
4253
3708
6498
816
9352
9415
5376
6762
3597
9442
7702
6291
6291
8349
8190
8256
2235
4058
7683
8710
5667
3583
1984
9734
5800
5892
6056
6131
4574
7559
6681
7671
8754
241
9592
4265
6635
5110
156
9401
8159
9088
5909
2331
4849
2180
2867
6457
6929
6784
8595
3236
9672
9271
3153
9652
8923
9591
9529
8377
8000
911
8655
2531
4528
2084
6983
9908
5979
2650
1140
4689
110
1558
4418
1031
1967
6822
4023
1834
2193
2038
8848
9501
7468
20
8582
187
6071
2363
6726
4040
4078
7541
7875
4780
4628
6170
2488
3352
294
9507
6874
8763
7839
382
9937
9798
9708
7129
5148
8274
5173
5642
3550
7827
5030
1348
5090
8983
349
5810
4061
4038
2947
7567
5734
6019
7103
546
9836
5430
7139
5526
4664
5650
354
4088
3062
6780
654
734
7548
113
3923
7831
7996
6269
8894
7231
5715
7411
2221
465
2290
438
8653
4652
8896
6889
7474
8347
1979
1028
2672
1794
9267
692
1916
7456
8882
4056
9392
4258
6053
8535
9955
6254
9175
6081
8660
574
8943
71
330
6127
3472
2022
2813
3438
4183
4185
6061
6161
6013
6821
2981
3555
7003
5649
7916
5199
2582
2394
8367
8350
9635
4158
9795
5623
6075
1791
9767
3190
2129
9942
861
6948
5657
9663
8621
2380
9471
7780
2167
7072
860
4330
6092
2466
9502
7322
7637
5620
8571
4364
6847
1180
9557
3316
8265
4713
9321
1654
5628
3144
6820
8895
6563
3507
4220
9071
6848
6544
5707
1850
4738
4646
148
7763
3185
881
2299
6347
1768
2819
2026
3284
9858
4058
64
2760
7572
8866
8162
1250
630
2896
7493
401
6274
7386
5604
4468
6135
80
6998
9425
7740
2568
73
6262
9733
7647
5232
1549
1611
6228
3250
4863
8
1948
2470
9237
6520
1944
5549
4224
4127
8622
8151
5772
5249
2220
9594
6403
549
2654
2232
2453
6113
7699
9144
6001
5639
3213
8524
5448
9729
9537
2543
9350
4980
7467
4727
5152
3458
3380
5351
8851
3387
2327
7464
6259
4901
9664
1135
207
9530
615
8835
8171
9802
5362
5201
7876
1348
7648
9137
9470
3579
7283
7358
4955
6272
7158
9675
1038
3040
3231
4146
4102
1143
2331
9644
8523
3617
3948
4752
5609
7693
4702
3201
6152
107
171
346
8269
4496
3108
5548
1034
7072
8969
2424
1593
5725
8764
9624
7759
759
2245
4406
9742
7642
6778
4443
1470
2160
5106
9105
3359
9524
7337
9785
5550
1733
9775
879
8348
6833
209
8222
3507
8764
9587
7522
7386
4837
2806
7252
8642
5163
9268
5145
1342
1260
6225
4461
765
8208
5426
2964
9130
3071
5291
9777
4435
1755
6419
5488
9259
9809
7289
3807
8914
6238
4285
3323
2539
4972
7779
7487
9743
8986
5478
7326
4297
4398
8937
4255
4898
1892
2471
8444
2769
7000
8115
3038
5068
2305
4903
6814
7425
5920
4689
8033
1217
7156
9705
2532
1693
666
8197
8908
4101
9233
5437
4422
7063
2085
4014
6360
2820
699
6678
8971
158
5957
6828
4403
3323
7640
2951
7669
5396
1230
5157
1277
6864
6436
8186
5837
8282
5631
6911
7753
4190
6180
915
5878
9443
9682
1608
8699
9204
9435
7168
8130
6817
5581
4331
5432
8907
6266
9195
3705
169
6053
3067
7875
7228
6274
2299
8258
9452
1856
8753
7179
2145
4742
2042
233
3789
6393
7537
8968
4834
9521
9591
9143
2745
7549
7550
2180
5697
3622
5779
270
5385
8674
1161
8805
3584
1949
4564
4454
4310
122
3956
2531
299
4970
1784
3716
444
5408
8552
9678
6831
5168
6064
9402
6395
2009
9858
7494
8353
5090
6177
7180
3541
8297
333
553
4686
7875
1231
4505
7756
8699
521
8095
5679
1987
6821
1410
3608
5922
4165
6166
213
2393
5210
5358
7139
1257
385
846
4687
9632
6499
7878
7377
8491
5971
520
1735
9519
689
3706
2665
1703
170
9224
6684
6765
1504
1214
2040
5122
949
8998
3453
8307
5297
1598
6066
8318
1254
3676
374
9845
4196
7596
6835
9942
235
2305
1285
3044
3263
3879
3749
2710
6889
977
5761
6086
4484
4700
8286
532
2657
9523
1469
9145
8842
9259
3414
588
2483
658
5261
6431
717
8374
6230
5439
6126
1530
2858
8967
4287
8187
4607
4112
2966
9361
8360
6909
1401
5520
8937
9965
5313
9090
8924
7326
5415
7955
9442
8852
8193
6312
9319
5971
1446
8020
9005
8747
6555
5447
4187
737
3904
706
7663
3885
8232
3326
7508
489
4688
9205
9412
7318
5816
7416
7283
4444
2051
3911
6264
6691
1038
7479
2622
677
5660
3740
8827
7613
9561
2832
1940
1100
5547
8519
8852
6869
2807
908
3831
5910
8957
8846
2019
6499
6214
1728
4967
3141
7765
1396
4084
7393
1851
4051
9522
6242
8343
6173
5738
4722
3640
4176
5176
617
9115
7558
1866
8225
9813
1976
9633
6842
7144
9076
3776
907
5698
43
5341
5972
3302
7942
4306
1045
5217
3176
2043
3733
1403
575
109
8743
3112
4714
9186
7444
1024
5204
2871
1601
7518
2692
4327
1581
389
4359
9355
3024
7866
3970
6465
2163
4690
1169
2912
1888
7905
8526
9484
3963
7481
9085
9391
5957
1170
2468
9248
5445
5620
4916
6387
3134
6001
3239
2520
8026
3956
6537
5486
5543
8336
888
5398
3482
7680
694
5384
2923
4577
3286
3900
1921
2925
8139
3163
5230
6016
6684
6159
981
2299
7973
1529
6535
8033
9667
2184
9427
2869
2058
331
7191
2105
5465
5720
6000
1854
4971
841
9137
2118
7011
914
9097
5069
4053
3507
586
5504
8108
4839
1373
8184
2521
7816
5806
1
7545
2602
3920
89
5311
2784
2789
1618
5081
4878
1940
2072
3339
6136
4535
7064
1770
4967
1905
3509
1018
3238
9315
6667
3362
98
7403
7442
4664
3075
8604
9345
5720
7469
8343
8373
6206
5409
7546
8400
2730
2236
7496
9774
788
5463
987
8304
7235
2751
3245
5187
1548
9929
4187
8126
2888
4736
1011
8879
5848
7651
5829
7093
1134
288
9004
6007
4796
5497
3200
8684
8241
2715
1250
403
9031
1388
4351
2788
7800
6797
72
8484
4315
4872
195
3576
5633
208
2502
614
87
7664
9615
3937
4615
5144
446
9580
3249
3573
5426
4525
7757
8121
2623
3891
8888
4976
7085
5105
3149
3458
9066
8419
8032
7392
2237
1608
2046
8486
750
5795
3478
9121
663
2952
3847
2603
4300
5533
5121
99
3953
5585
9944
9452
2825
755
4695
216
7476
606
6777
9071
8690
5679
9516
6833
8748
8192
3282
5827
3326
4784
2232
8498
7029
7519
7420
4885
9817
9855
73
2260
8886
7986
8545
7722
3997
8442
6181
5994
5537
7759
3807
2923
559
5010
1458
9497
8174
6633
147
5600
6281
6125
6602
4362
3734
5721
7626
1378
5201
5854
3158
3291
3311
2803
1237
2974
4311
6072
4297
9508
4854
5759
8191
1791
7765
729
9671
133
4625
1364
8813
2334
4500
7966
9605
7853
4407
7431
4142
2355
9301
2097
1728
3968
5368
5374
4019
1363
2701
6688
3082
4680
418
6740
2042
5803
4318
3266
5508
7733
2695
3419
6953
1193
9379
9682
7153
9558
2656
3538
8370
201
6693
463
2097
2545
1246
5752
9003
4664
7863
9226
4971
7764
3684
681
3109
1775
5173
1556
5454
6326
1045
412
2086
2299
2818
8591
9017
3527
79
2627
6107
8667
5585
1336
8953
2142
7168
6826
9257
544
5445
2550
1201
6854
38
9155
357
8983
5094
1470
8533
8916
2425
5493
7622
9508
5281
519
5748
6603
7818
5017
3437
5890
6715
3148
4649
4810
4879
7102
7533
6672
4807
1967
3276
3846
3781
332
7932
3154
6900
3674
3242
7160
5496
8795
559
8201
4730
8889
6246
8612
6213
4730
6805
7376
9486
5045
7650
4771
4233
3273
819
7563
9887
9767
3048
4233
7295
6644
4822
5951
6424
1826
2214
3430
8207
3813
4168
8051
1807
5687
4486
1397
2590
8890
2102
2115
5519
2745
6531
2629
516
3244
1784
9229
5044
7428
6469
5865
9554
9770
4338
8151
1034
1254
2677
9078
6789
4121
3773
1802
6073
5500
7875
533
9791
4090
3467
8976
6064
8508
6622
2056
1862
8910
9403
8901
1426
9984
7142
7629
6187
7197
1038
6054
1574
6224
9383
4336
8622
4449
6275
2378
5531

